This folder: /media/daniella/B/git/Tamigucho/Sites/subdomains/pinkdark/_images/nostalgy

  File: ./2023concept-boxescartridges.png
  Size: 274494    	Blocks: 544        IO Block: 4096   regular file
Device: 8,4	Inode: 1127951     Links: 1
Access: (0755/-rwxr-xr-x)  Uid: ( 1000/daniella)   Gid: ( 1000/daniella)
Access: 2024-01-13 23:37:01.174513700 -0300
Modify: 2023-08-12 17:51:04.632117500 -0300
Change: 2023-08-15 18:04:33.313357800 -0300
 Birth: 2023-08-12 22:08:09.472413600 -0300
IPFS hash: QmSupgUucy5jp42tXg1215J26ZQ6Q7oCUsj7rXhGVQUVn9
------------------------------
  File: ./Packaging-other-try.png
  Size: 5857281   	Blocks: 11448      IO Block: 4096   regular file
Device: 8,4	Inode: 954044      Links: 1
Access: (0755/-rwxr-xr-x)  Uid: ( 1000/daniella)   Gid: ( 1000/daniella)
Access: 2024-01-14 00:14:25.719041300 -0300
Modify: 2024-01-13 21:14:57.053937400 -0300
Change: 2024-01-14 00:14:25.471168100 -0300
 Birth: 2024-01-13 21:14:55.131613600 -0300
IPFS hash: QmbYuwoAJoUacZVVWVj7Kf3kLHjjjsSracML177NsU1BT4
------------------------------
  File: ./Packaging.png
  Size: 3520325   	Blocks: 6880       IO Block: 4096   regular file
Device: 8,4	Inode: 943035      Links: 1
Access: (0755/-rwxr-xr-x)  Uid: ( 1000/daniella)   Gid: ( 1000/daniella)
Access: 2024-01-14 00:14:25.707047400 -0300
Modify: 2024-01-13 21:13:22.184923800 -0300
Change: 2024-01-14 00:14:25.467170100 -0300
 Birth: 2024-01-13 21:13:20.977986700 -0300
IPFS hash: QmUUMj5deHERbhb9Ky1fwVpqGCWFXFHRioPDv9WXwkfRJR
------------------------------